0,243
0,530
0,472
94,2
0,386
0,273
0,270
3,2
3,1
3,3
10,173
10,171
10,269
10,151
10,293
10,307
10,97
10,255
10,3
11,8
11,18
11,19
11,5
9,5
8,5
8,6
8,10
8,2
8,3
84,5
84,4
84,3
84,2
84,1
84,0
83,5
83,3
83,2
83,1
83,0
54,3
54,2
54,0
53,4
53,3
53,2
53,1
53,0
51,3
51,2
51,1
51,0
50,4
50,3
50,2
50,1
50,0
49,4
49,3
49,2
49,1
49,0
44,4
44,3
44,2
44,1
44,0
43,4
43,3
43,2
43,1
43,0
41,5
41,4
41,3
41,2
41,1
41,0
38,5
38,4
38,3
38,2
38,1
24,3
24,1
20,3
20,2
20,1
19,3
19,2
19,1
12,3
12,2
12,1
11,30
11,29
11,28
11,27
11,26
11,23
11,21
11,17
11,6
11,4
11,3
11,2
11,1
10,312
10,292
10,288
10,242
10,228
10,184
10,178
10,144
10,126
10,114
10,106
18,1
